NO Sweep fan auto         fan01                  fan02	fan03

01  0001 0000  0x10	01  0001 0000  0x10	01  0001 0000  0x10	01  0001 0000  0x10
02  0000 1000  0x08	02  0000 1000  0x08	02  0000 1000  0x08	02  0000 1000  0x80
03  1110 0000  0xE0	03  1110 0000  0xE0	03  1110 0000  0xE0	03  1110 0000  0xE0
04  0100 0000  0x40	04  0100 0000  0x40	04  0100 0000  0x40	04  0100 0000  0x40

05  0000 0010  0x02	05  0000 0010  0x02	05  0000 0010  0x02	05  0000 0010  0x02
06  0001 0000  0x10	06  0001 0000  0x10	06  0001 0000  0x10	06  0001 0000  0x10
07  1000 0000  0x80	07  1000 0000  0x80	07  1000 0000  0x80	07  1000 0000  0x80
08  0001 1000  0x18	08  1000 1000  0x88	08  0100 1000  0x48	08  1100 1000  0xC8

09  0100 0000  0x40	09  0100 0000  0x40	09  0100 0000  0x40	09  0100 0000  0x40
10  0000 0110  0x06	10  0000 0110  0x06	10  0000 0110  0x06	10  0000 0110  0x06
11  0000 0000  0x00	11  0000 0000  0x00	11  0000 0000  0x00	11  0000 0000  0x00
12  0000 0000  0x00	12  0000 0000  0x00	12  0000 0000  0x00	12  0000 0000  0x00

13  0000 0000  0x00	13  0000 0000  0x00	13  0000 0000  0x00	13  0000 0000  0x00
14  0000 0000  0x00	14  0000 0000  0x00	14  0000 0000  0x00	14  0000 0000  0x00
15  0011 0111  0x3F	15  0011 0111  0x37	15  0011 0111  0x37	15  0011 0111  0x37
16  0010 1110  0x2A	16  1011 0111  0xB7	16  0111 1011  0x7B	16  0111 0011  0x73

17  0001 1000  0x18	17  0001 1000  0x18	17  0001 1000  0x18	17  0001 1011  0x1B
    
SWEEP	fan01

01  0001 0000  0x10	01  0001 0000  0x10	01  0001 0000  0x10	01  0001 0000  0x10
02  0000 1000  0x08	02  0000 1000  0x08	02  0000 1000  0x08	02  0000 1000  0x08
03  1110 0000  0xE0	03  1110 0000  0xE0	03  1110 0000  0xE0	03  1110 0000  0xE0
04  0100 0000  0x40	04  0100 0000  0x40	04  0100 0000  0x40	04  0100 0000  0x40

05  0000 0010  0x02	05  0000 0010  0x02	05  0000 0010  0x02	05  0000 0010  0x02
06  0001 0000  0x10	06  0001 0000  0x10	06  0001 0000  0x10	06  0001 0000  0x10
07  1000 0000  0x80	07  1000 0000  0x80	07  1000 0000  0x80	07  1000 0000  0x80
08  0001 1000  0x18	08  1000 1000  0x88	08  0100 1000  0x48	08  1100 1000  0xC8
	
09  0100 0000  0x40	09  0100 0000  0x40	09  0100 0000  0x40	09  0100 0000  0x40
10  0000 0110  0x06	10  0000 0110  0x06	10  0000 0110  0x06	10  0000 0110  0x06
11  0000 0000  0x00	11  0000 0000  0x00	11  0000 0000  0x00	11  0000 0000  0x00
12  0000 0000  0x00	12  0000 0000  0x00	12  0000 0000  0x00	12  0000 0000  0x00
	
13  0000 0000  0x00	13  0000 0000  0x00	13  0000 0000  0x00	13  0000 0000  0x00
14  1000 0000  0x80	14  1000 0000  0x80	14  1000 0000  0x80	14  1000 0000  0x80
15  0011 0111  0x37	15  0011 0111  0x37	15  0011 0111  0x37	15  0011 0111  0x37
16  1010 1101  0xAD	16  0011 0100  0x34	16  1111 1000  0xF8	16  1111 0000  0xF0
	
17  0001 1011  0x1B	17  0001 1011  0x1B	17  0001 1011  0x1B	17  0001 1000  0x18



