NEC liga              --- 189710EF
NEC desliga           --- 189728D7


Unknown encoding: E567F47E (32 bits)
Raw (255): -16464 4750 -2400 600 -600 600 -600 600 -600 600 -1800 600 -600 600 -600 600 -600 650 -550 650 -550 650 -550 650 -550 650 -550 650 -1800 600 -550 650 -550 650 -550 650 -1800 600 -1800 600 -1750 650 -550 650 -550 650 -600 600 -600 600 -600 600 -600 600 -1800 600 -600 600 -600 600 -600 600 -600 600 -600 600 -600 600 -600 600 -600 600 -600 600 -600 600 -650 550 -650 600 -1800 600 -550 650 -550 650 -550 650 -550 650 -1800 600 -550 650 -550 650 -550 650 -600 600 -1800 600 -600 600 -600 600 -600 600 -600 600 -600 600 -600 600 -600 600 -1800 600 -1800 600 -600 600 -600 600 -1800 600 -600 600 -600 600 -600 600 -600 600 -1800 600 -600 600 -600 650 -550 650 -550 650 -550 650 -550 650 -550 650 -550 650 -1750 650 -550 650 -550 650 -1750 650 -1800 600 -550 650 -600 600 -600 600 -600 600 -600 600 -600 600 -600 600 -600 600 -600 600 -600 600 -600 600 -600 600 -600 600 -600 600 -600 600 -600 600 -600 600 -600 600 -600 600 -600 600 -600 650 -550 650 -550 650 -550 650 -550 650 -1750 650 -550 650 -550 650 -550 650 -550 650 -550 650 -550 650 -600 600 -600 600 -600 600 -1750 650 -1800 600 -600 600 -1750 650 -1800 600 -1800 600 -600 600 -1800 600 -1800 600 -1800 600 -1800 600 -1800 
5FB3EE84
Unknown encoding: 5FB3EE84 (32 bits)


unsigned int raw[104] = {8950,4450,550,550,550,550,550,550,550,1650,550,1700,550,550,550,550,550,550,550,1650,550,550,550,550,550,1650,600,550,550,1600,600,1650,600,1600,600,500,600,500,600,500,600,1650,550,550,550,550,550,550,550,550,550,1650,600,1650,550,1650,550,550,550,1650,600,1650,550,1650,550,1650,600,500,600,500,600,500,600,550,550,500,600,550,550,550,550,550,550,1650,550,1650,600,1600,600,1650,550,1650,600,1600,600,1650,550,1650,600,14250,8900,2250,550,};
irsend.sendRaw(raw,104,38);


For Arduino sketch: 
unsigned int raw[104] = {8950,4450,550,550,550,550,550,550,550,1700,500,1700,550,550,550,550,550,550,550,1650,550,550,550,550,550,1700,550,550,550,1650,550,1650,550,1650,600,500,600,500,600,550,550,1650,550,550,550,550,550,550,550,550,550,1700,550,1650,550,1650,550,550,550,1700,550,1650,550,1650,550,1650,600,500,600,550,550,500,600,550,550,500,600,500,600,550,550,550,550,1600,600,1650,600,1650,550,1650,550,1650,600,1650,550,1650,550,1700,550,14250,8950,2200,550,};
irsend.sendRaw(raw,104,38);



unsigned int raw[104] = {9000,4450,500,600,500,600,500,600,500,1700,550,1650,550,550,550,550,550,550,550,1650,550,600,550,550,550,1650,550,550,550,1700,500,1650,600,1650,550,550,550,550,550,1650,550,550,600,1600,600,550,550,550,550,550,550,1650,550,1650,600,500,600,1650,550,550,550,1650,550,1650,600,1650,550,550,550,550,550,550,550,550,550,550,550,550,550,550,550,550,550,1650,600,1650,550,1650,550,1700,550,1600,600,1650,550,1650,600,1650,550,14300,8900,2250,500,};
irsend.sendRaw(raw,104,38);

For Arduino sketch: 
unsigned int raw[104] = {9000,4450,500,600,500,600,500,600,500,1700,550,1650,550,600,500,550,550,550,550,1700,550,500,600,550,550,1650,550,550,550,1650,600,1650,550,1650,550,550,550,550,550,1650,600,550,550,1600,600,550,550,550,550,550,550,1700,550,1650,550,550,550,1650,550,550,550,1650,600,1650,550,1650,550,550,550,550,550,550,550,550,550,550,550,550,550,550,550,550,550,1700,550,1650,550,1650,600,1650,550,1650,550,1650,600,1600,600,1650,600,14250,8900,2250,500,};
irsend.sendRaw(raw,104,38);

For Arduino sketch: 
unsigned int raw[104] = {8950,4450,500,600,500,600,500,600,550,1650,550,1650,550,550,550,550,550,550,550,1700,550,550,550,550,550,1650,550,550,550,1650,600,1650,550,1650,550,550,550,550,550,1650,600,500,600,1600,600,550,550,550,550,550,550,1650,550,1650,600,500,600,1650,550,550,550,1650,600,1650,550,1650,550,550,550,550,550,550,550,550,550,550,550,550,550,550,550,550,550,1650,600,1650,550,1650,550,1650,600,1650,550,1650,550,1700,550,1650,550,14300,8900,2250,500,};
irsend.sendRaw(raw,104,38)


Air Turn Off
unsigned int raw[275] = {4860, 2472, 564, 648, 568, 644, 572, 632, 584, 1844, 584, 624, 592, 624, 592, 620, 600, 604, 608, 608, 608, 600, 612, 600, 612, 604, 612, 1804, 624, 608, 604, 600, 612, 600, 616, 1812, 616, 1812, 616, 1816, 612, 592, 616, 608, 608, 596, 616, 600, 612, 600, 612, 596, 620, 1812, 616, 604, 608, 596, 616, 600, 616, 608, 604, 600, 612, 608, 604, 612, 604, 604, 608, 600, 612, 616, 596, 604, 612, 600, 612, 1812, 616, 588, 628, 596, 616, 596, 616, 608, 604, 1816, 612, 600, 612, 600, 616, 600, 612, 600, 612, 1816, 612, 608, 604, 600, 616, 596, 616, 596, 616, 604, 608, 604, 612, 608, 604, 612, 600, 600, 616, 600, 612, 1832, 596, 596, 616, 608, 608, 596, 616, 600, 612, 600, 612, 1824, 604, 600, 616, 608, 604, 600, 612, 608, 604, 612, 604, 600, 612, 604, 608, 600, 616, 1824, 604, 604, 608, 1812, 616, 592, 620, 1820, 608, 596, 616, 600, 612, 612, 600, 604, 608, 612, 604, 608, 604, 612, 600, 600, 616, 608, 604, 604, 608, 604, 612, 600, 612, 604, 608, 612, 604, 612, 600, 612, 600, 604, 612, 608, 604, 600, 612, 608, 604, 612, 604, 604, 608, 612, 600, 612, 604, 608, 604, 616, 596, 616, 600, 612, 600, 612, 600, 612, 604, 612, 600, 600, 612, 604, 608, 616, 600, 616, 596, 1816, 612, 1816, 612, 600, 612, 1828, 600, 1812, 616, 1812, 612, 612, 596, 612, 596, 1820, 604, 628, 584, 1836, 600, 616, 596, 1832, 604, 1808, 624, 1808, 624, 588, 624, 1804, 628, 1796, 640, 1796, 632, 572, 640, 588, 620, 592, 624};


Air Turn On


unsigned int raw[275] = {4768, 2480, 556, 660, 548, 664, 552, 664, 548, 1856, 572, 664, 548, 664, 548, 664, 552, 664, 548, 664, 548, 668, 548, 684, 532, 620, 592, 1852, 572, 664, 548, 668, 548, 636, 580, 1848, 576, 1852, 576, 1848, 576, 664, 548, 664, 552, 660, 552, 664, 548, 668, 548, 640, 572, 1852, 576, 664, 544, 668, 548, 644, 572, 620, 592, 608, 608, 588, 624, 608, 604, 608, 608, 612, 600, 616, 596, 616, 600, 608, 604, 1852, 576, 592, 620, 608, 604, 608, 608, 612, 600, 1852, 576, 640, 572, 608, 604, 596, 616, 588, 628, 1848, 580, 632, 576, 616, 600, 580, 636, 576, 636, 608, 604, 608, 608, 588, 620, 1856, 576, 1844, 580, 664, 548, 620, 596, 1848, 576, 632, 576, 648, 572, 616, 600, 584, 628, 1820, 604, 636, 576, 624, 592, 580, 632, 584, 632, 588, 624, 580, 632, 588, 628, 584, 628, 1800, 628, 580, 632, 1800, 624, 636, 576, 1800, 628, 628, 588, 616, 596, 580, 632, 584, 632, 580, 632, 584, 632, 580, 632, 580, 632, 580, 636, 580, 632, 584, 628, 584, 628, 568, 648, 580, 632, 584, 628, 584, 632, 580, 628, 588, 628, 584, 632, 580, 632, 584, 632, 580, 628, 584, 628, 588, 628, 584, 628, 584, 632, 584, 628, 588, 624, 588, 628, 584, 628, 584, 632, 580, 632, 584, 628, 584, 632, 584, 624, 1800, 632, 1796, 628, 568, 648, 1796, 628, 1800, 628, 1796, 628, 1776, 652, 1800, 624, 1800, 628, 1796, 632, 1776, 648, 1796, 632, 1800, 624, 612, 604, 608, 604, 608, 608, 1800, 628, 1796, 628, 1796, 628, 612, 600, 612, 604, 608, 608};






