poweOff  0010 0000 0100 1000 0000 0000 0000 0000 0000 0000 0001
powerOn  0010 1000 0100 1000 0000 0000 0000 0000 0000 0000 1001

fanAuto  0010 1000 0100 1000 0000 0000 0000 0000 0000 0000 1001
fanHigh  0010 1000 0101 1000 0000 0000 0000 0000 0000 0000 1000
fanMed   0010 1000 0110 1000 0000 0000 0000 0000 0000 0000 0111
fanLow   0010 1000 0111 1000 0000 0000 0000 0000 0000 0000 0110

sleepOn  0010 1100 0100 0111 0000 0000 0000 0000 0000 0000 0110
sleepOff 0010 1000 0100 0111 0000 0000 0000 0000 0000 0000 1010

modeDry  0010 1000 1000 0111 0000 0000 0000 0000 0000 0000 0110
modeFan  0010 1000 0000 0111 0000 0000 0000 0000 0000 0000 1110
modeCool 0010 1000 0100 0111 0000 0000 0000 0000 0000 0000 1010

temp18   0010 1000 0100 0011 0000 0000 0000 0000 0000 0000 1110
temp19   0010 1000 0100 0100 0000 0000 0000 0000 0000 0000 1101
temp20   0010 1000 0100 0101 0000 0000 0000 0000 0000 0000 1100
temp21   0010 1000 0100 0110 0000 0000 0000 0000 0000 0000 1011
temp22   0010 1000 0100 0111 0000 0000 0000 0000 0000 0000 1010
temp23   0010 1000 0100 1000 0000 0000 0000 0000 0000 0000 1001
temp24   0010 1000 0100 1001 0000 0000 0000 0000 0000 0000 1000
temp25   0010 1000 0100 1010 0000 0000 0000 0000 0000 0000 0111
temp26   0010 1000 0100 1011 0000 0000 0000 0000 0000 0000 0110
temp27   0010 1000 0100 1100 0000 0000 0000 0000 0000 0000 0101
temp28   0010 1000 0100 1101 0000 0000 0000 0000 0000 0000 0100
temp29   0010 1000 0100 1110 0000 0000 0000 0000 0000 0000 0011
temp30   0010 1000 0100 1111 0000 0000 0000 0000 0000 0000 0010

sweep    0010 1010 0100 0111 0000 0000 0000 0000 0000 0000 1000

timerOn  0011 1000 0100 1111 0000 0000 0000 0000 0000 0000 0001
timerOff 0011 1000 0100 1111 0000 0000 0000 0000 0000 0000 0001
send     0011 1100 0100 0111 0000 0000 0000 0000 0000 0000 0101

