
powerOff,8850,4500, 500,600, 500,650, 500,1700, 500,650, 500,600, 500,650, 500,650, 450,650, 500,650, 500,1700, 500,650, 500,600, 500,1700, 500,650, 500,650, 450,650, 500,650, 500,650, 450,650, 500,650, 450,650, 500,650, 450,650, 500,650, 500,600, 500,650, 500,650, 450,650, 500,650, 450,650, 500,650, 450,650, 500,650, 500,650, 450,650, 500,600, 500,650, 500,650, 450,650, 500,650, 500,600, 500,650, 500,650, 450,1700, 500

powerOn,8800,4550, 500,600, 500,650, 500,1700, 500,650, 500,1700, 500,650, 500,600, 500,650, 500,650, 450,1750, 500,600, 500,650, 500,1700, 500,650, 500,600, 500,650, 500,650, 500,600, 500,650, 500,600, 500,650, 500,600, 500,650, 500,600, 500,650, 500,650, 450,650, 500,650, 500,600, 500,650, 500,600, 500,650, 500,600, 500,650, 500,600, 500,650, 500,600, 500,650, 500,650, 450,650, 500,1700, 550,600, 500,650, 500,1700, 500

fanAuto,8800,4550, 500,600, 500,650, 500,1700, 500,600, 500,1700, 550,600, 500,650, 500,650, 500,600, 500,1700, 550,600, 500,650, 500,1650, 550,600, 500,650, 500,650, 500,600, 500,650, 500,600, 500,650, 500,650, 450,650, 500,600, 500,650, 500,650, 500,600, 500,650, 500,600, 500,650, 500,650, 450,650, 500,650, 500,600, 500,650, 500,600, 500,650, 500,650, 450,650, 500,650, 450,650, 500,1700, 550,600, 500,650, 500,1700, 500

fanHigh,8850,4500, 500,650, 500,600, 500,1750, 500,600, 500,1750, 500,600, 500,650, 500,650, 500,650, 450,1700, 500,650, 500,1700, 500,1700, 550,600, 500,650, 500,650, 450,650, 500,650, 500,600, 500,650, 500,650, 450,650, 500,600, 500,650, 500,600, 500,650, 500,650, 450,650, 500,650, 450,650, 500,650, 450,650, 500,650, 500,600, 500,650, 500,650, 450,650, 500,600, 500,650, 500,650, 500,1700, 500,650, 500,600, 500,650, 500


fanMed,8800,4550, 500,600, 500,650, 500,1700, 500,650, 500,1700, 500,650, 500,600, 500,650, 500,600, 500,1750, 500,1700, 500,650, 500,1700, 500,650, 500,600, 500,650, 500,600, 500,650, 500,600, 500,650, 500,600, 500,650, 500,600, 500,650, 500,650, 500,600, 500,650, 500,600, 500,650, 500,650, 450,650, 500,650, 500,600, 500,650, 500,600, 500,650, 500,600, 500,650, 500,650, 450,650, 500,650, 500,1700, 500,1700, 500,1750, 500

fanLow,8850,4500, 500,650, 500,600, 500,1700, 550,600, 500,1700, 500,650, 500,600, 500,650, 500,650, 500,1700, 500,1700, 550,1700, 500,1700, 500,650, 500,650, 450,650, 500,650, 500,600, 500,650, 500,650, 450,650, 500,600, 500,650, 500,650, 500,600, 500,650, 500,650, 450,650, 500,600, 500,650, 500,600, 500,650, 500,650, 450,650, 500,600, 500,650, 500,600, 550,600, 500,650, 500,600, 500,650, 500,1700, 500,1750, 500,600, 500


sleepOn,8800,4550, 500,600, 500,650, 500,1700, 500,650, 500,1700, 500,1700, 500,650, 500,650, 500,600, 500,1700, 550,600, 500,650, 500,600, 500,1700, 550,1700, 500,1750, 500,600, 500,650, 500,650, 450,650, 500,600, 500,650, 500,600, 500,650, 500,650, 500,600, 500,650, 500,600, 500,650, 500,600, 500,650, 500,600, 500,650, 500,600, 500,650, 500,600, 500,650, 500,650, 500,600, 500,650, 500,600, 500,1750, 500,1700, 500,600, 500



sleepOff,8800,4550, 500,650, 450,650, 500,1700, 500,650, 500,1700, 500,650, 500,650, 450,650, 500,600, 500,1700, 550,600, 500,650, 500,650, 450,1750, 500,1700, 500,1700, 550,650, 450,650, 500,600, 500,650, 500,600, 500,650, 500,650, 450,650, 500,650, 500,600, 500,650, 500,600, 500,650, 500,650, 450,650, 500,650, 500,650, 450,650, 500,600, 500,650, 500,650, 450,650, 500,600, 500,650, 500,1700, 500,650, 500,1700, 500,650, 500


modeDry,8850,4550, 450,650, 500,600, 500,1700, 500,650, 500,1700, 500,650, 500,650, 450,650, 500,1700, 550,600, 500,650, 500,600, 500,650, 500,1700, 500,1700, 500,1750, 500,650, 450,650, 500,650, 450,650, 500,650, 500,600, 500,650, 500,600, 500,650, 500,600, 500,650, 500,650, 450,650, 500,650, 450,650, 500,650, 500,600, 500,650, 500,650, 450,650, 500,600, 500,650, 500,650, 450,650, 500,650, 500,1700, 500,1750, 500,600, 500


modeFan,8850,4550, 450,650, 500,600, 500,1700, 550,600, 500,1700, 550,600, 500,650, 500,650, 500,600, 500,650, 500,600, 500,650, 500,600, 500,1700, 500,1700, 550,1700, 550,600, 500,650, 500,600, 500,650, 500,600, 500,650, 500,650, 450,650, 500,650, 450,650, 500,650, 450,650, 500,650, 500,600, 500,650, 500,600, 500,650, 500,650, 450,650, 500,600, 500,650, 500,600, 500,650, 500,650, 500,1700, 500,1750, 500,1700, 500,600, 500


modeCool,8850,4550, 450,650, 500,650, 450,1750, 500,600, 500,1750, 500,600, 500,650, 500,650, 500,600, 500,1700, 500,650, 500,600, 500,650, 500,1700, 500,1750, 500,1700, 500,650, 500,600, 500,650, 500,600, 500,650, 500,600, 500,650, 500,650, 500,600, 500,650, 500,600, 500,650, 500,600, 500,650, 500,600, 500,650, 500,650, 500,600, 500,650, 500,600, 500,650, 500,600, 500,650, 500,650, 500,1700, 500,650, 500,1700, 500,600, 500


sweepOff,8850,4550, 500,600, 500,650, 500,1700, 500,650, 450,1700, 550,600, 500,1750, 500,650, 500,650, 450,1700, 500,650, 500,650, 450,650, 500,1700, 500,1750, 500,1700, 500,650, 500,600, 500,650, 500,600, 500,650, 500,650, 450,650, 500,650, 500,600, 500,650, 500,600, 500,650, 500,600, 500,650, 500,600, 500,650, 500,650, 500,600, 500,650, 500,600, 500,650, 500,600, 500,650, 500,650, 500,1700, 500,650, 500,600, 500,650, 450


sweepOn,8850,4500, 500,650, 500,600, 500,1700, 500,650, 500,1700, 500,650, 500,1700, 500,650, 500,650, 450,1750, 500,600, 500,650, 500,600, 500,1750, 500,1700, 500,1750, 500,600, 500,650, 500,650, 450,650, 500,650, 450,650, 500,650, 450,650, 500,650, 500,650, 450,650, 500,650, 450,650, 500,600, 500,650, 500,650, 500,600, 500,650, 500,600, 500,650, 500,600, 500,650, 500,600, 500,650, 500,1700, 550,600, 500,650, 500,600, 500


send,8800,4550, 500,600, 500,650, 500,1700, 500,1700, 500,1750, 500,1700, 500,650, 500,600, 500,650, 500,1700, 500,650, 500,600, 500,650, 500,1700, 500,1700, 550,1700, 500,650, 500,650, 450,650, 500,600, 500,650, 500,600, 500,650, 500,650, 500,600, 500,650, 500,600, 500,650, 500,600, 500,650, 500,600, 500,650, 500,650, 500,650, 450,650, 500,600, 500,650, 500,600, 500,650, 500,650, 500,600, 500,1700, 550,600, 500,1700, 500


temp18,8850,4550, 450,650, 500,600, 500,1700, 550,600, 500,1700, 550,650, 450,650, 500,600, 500,650, 500,1700, 500,650, 500,600, 500,650, 500,600, 500,1700, 550,1700, 500,650, 500,600, 500,650, 500,600, 500,650, 500,600, 500,650, 500,650, 500,600, 500,650, 500,600, 500,650, 500,600, 500,650, 500,600, 500,650, 500,650, 500,600, 500,650, 500,600, 500,650, 500,600, 500,650, 500,650, 500,1700, 500,1700, 500,1750, 500,600, 500

temp18,8850,4550, 450,650, 500,600, 500,1700, 550,600, 500,1700, 500,650, 500,600, 500,650, 500,650, 500,1700, 500,650, 500,600, 500,650, 500,600, 500,1700, 550,1700, 500,650, 500,650, 450,650, 500,600, 500,650, 500,600, 500,650, 500,650, 500,600, 500,650, 500,650, 450,650, 500,600, 500,650, 500,600, 500,650, 500,650, 500,600, 500,650, 500,600, 500,650, 500,600, 500,650, 500,650, 500,1700, 500,1700, 500,1750, 500,600, 500



temp19,8850,4550, 450,650, 500,600, 500,1700, 500,650, 500,1700, 500,650, 500,600, 500,650, 500,650, 500,1700, 500,650, 500,600, 500,650, 500,1700, 500,650, 450,650, 500,650, 500,600, 500,650, 500,600, 500,650, 500,600, 500,650, 500,650, 500,600, 500,650, 500,600, 500,650, 500,600, 500,650, 500,600, 500,650, 500,650, 500,600, 500,650, 500,600, 500,650, 500,600, 500,650, 500,650, 500,1700, 500,1700, 500,650, 500,1700, 500


temp20,8800,4550, 500,600, 500,650, 500,1700, 500,650, 500,1700, 500,650, 500,600, 500,650, 500,650, 450,1750, 500,600, 500,650, 500,600, 500,1700, 550,600, 500,1750, 500,600, 500,650, 500,600, 500,650, 500,650, 450,650, 500,650, 450,650, 500,650, 500,600, 500,650, 500,600, 500,650, 500,650, 450,650, 500,650, 500,600, 500,650, 500,600, 500,650, 500,600, 500,650, 500,600, 500,650, 500,1750, 500,1700, 500,650, 450,650, 500

temp21,8800,4550, 450,650, 500,650, 500,1700, 500,650, 450,1750, 500,650, 450,650, 500,650, 500,600, 500,1700, 500,650, 500,600, 500,650, 500,1700, 500,1700, 550,650, 500,600, 500,650, 500,600, 500,650, 500,600, 500,650, 500,650, 450,650, 500,650, 450,650, 500,650, 500,650, 450,650, 500,600, 500,650, 500,600, 500,650, 500,650, 450,650, 500,600, 500,650, 500,600, 500,650, 500,650, 500,1700, 500,650, 500,1700, 500,1700, 500


temp22,8800,4550, 500,600, 500,650, 500,1700, 500,600, 500,1700, 550,600, 500,650, 500,650, 500,600, 500,1700, 550,600, 500,650, 500,650, 450,1700, 500,1700, 550,1700, 500,650, 500,650, 450,650, 500,650, 450,650, 500,650, 500,600, 500,650, 500,600, 500,650, 500,600, 500,650, 500,600, 500,650, 500,650, 450,650, 500,650, 500,600, 500,650, 500,600, 500,650, 500,600, 500,650, 500,650, 500,1700, 500,650, 500,1700, 500,600, 500


temp23,8800,4550, 450,650, 500,600, 500,1750, 500,650, 450,1700, 500,650, 500,600, 500,650, 500,650, 500,1700, 500,650, 500,600, 500,1700, 550,600, 500,650, 500,600, 500,650, 500,600, 500,650, 500,600, 500,650, 500,600, 500,650, 500,650, 500,600, 500,650, 500,600, 500,650, 500,600, 500,650, 500,600, 500,650, 500,650, 500,600, 500,650, 500,600, 500,650, 500,600, 500,650, 500,650, 500,1700, 500,650, 500,600, 500,1700, 500


temp24,8850,4550, 450,650, 500,600, 500,1750, 500,600, 500,1700, 500,650, 500,650, 500,600, 500,650, 500,1700, 500,650, 500,650, 450,1750, 500,650, 450,650, 500,1700, 500,650, 500,600, 500,650, 500,600, 500,650, 500,600, 500,650, 500,650, 500,600, 500,650, 500,600, 500,650, 500,650, 450,650, 500,600, 500,650, 500,650, 500,600, 500,650, 500,600, 500,650, 500,600, 500,650, 500,650, 500,1700, 500,650, 500,600, 500,650, 450

temp25,8800,4550, 500,600, 500,650, 500,1650, 550,600, 500,1700, 550,600, 500,650, 500,650, 500,600, 500,1700, 500,650, 500,650, 500,1700, 500,600, 500,1700, 550,650, 500,600, 500,650, 500,600, 500,650, 500,600, 500,650, 500,600, 500,650, 500,650, 500,650, 450,650, 500,600, 500,650, 500,600, 500,650, 500,600, 500,650, 500,650, 450,650, 500,650, 450,650, 500,650, 500,600, 500,650, 500,650, 450,1750, 500,1700, 500,1700, 500


temp26,8800,4550, 500,600, 500,650, 500,1700, 500,650, 500,1700, 500,650, 500,600, 500,650, 500,600, 500,1750, 500,650, 450,650, 500,1700, 500,650, 500,1700, 500,1750, 500,600, 500,650, 500,600, 500,650, 500,600, 500,650, 500,600, 500,650, 500,650, 500,600, 500,650, 500,600, 500,650, 500,650, 450,650, 500,650, 500,600, 500,650, 500,600, 500,650, 500,600, 500,650, 500,600, 500,650, 500,650, 500,1700, 500,1700, 500,650, 500

temp27,8850,4550, 450,650, 500,600, 500,1700, 500,650, 500,1700, 500,650, 500,600, 500,650, 500,650, 500,1700, 500,650, 500,600, 500,1700, 500,1750, 500,600, 500,650, 500,650, 500,600, 500,650, 500,600, 500,650, 500,600, 500,650, 500,650, 500,600, 500,650, 500,600, 500,650, 500,600, 500,650, 500,600, 500,650, 500,650, 500,650, 450,650, 500,600, 500,650, 500,600, 500,650, 500,650, 500,600, 500,1700, 500,650, 500,1700, 500

temp28,8800,4550, 500,600, 500,650, 500,1700, 500,650, 500,1700, 500,650, 500,600, 500,650, 500,650, 500,1700, 500,600, 500,650, 500,1700, 500,1700, 550,600, 500,1750, 500,600, 500,650, 500,650, 450,650, 500,600, 500,650, 500,650, 450,650, 500,650, 500,600, 500,650, 500,650, 450,650, 500,600, 500,650, 500,650, 500,650, 450,650, 500,600, 500,650, 500,650, 450,650, 500,600, 500,650, 500,650, 500,1700, 500,650, 500,600, 500

temp29,8850,4550, 450,650, 500,650, 450,1750, 500,650, 450,1750, 500,600, 500,650, 500,600, 500,650, 500,1700, 500,650, 500,600, 500,1700, 550,1700, 500,1700, 500,650, 500,650, 500,650, 450,650, 500,600, 500,650, 500,600, 500,650, 500,650, 500,650, 450,650, 500,600, 500,650, 500,600, 500,650, 500,650, 450,650, 500,650, 500,600, 500,650, 500,600, 500,650, 500,600, 500,650, 500,650, 500,600, 500,650, 500,1700, 500,1700, 500

temp30,8850,4500, 500,650, 500,600, 500,1700, 500,650, 500,1700, 500,650, 500,600, 500,650, 500,650, 500,1700, 500,650, 500,600, 500,1700, 500,1700, 550,1700, 500,1700, 550,600, 500,650, 500,650, 450,650, 500,600, 500,650, 500,650, 450,650, 500,650, 500,600, 500,650, 500,600, 500,650, 500,600, 500,650, 500,650, 500,600, 500,650, 500,600, 500,650, 500,650, 450,650, 500,600, 500,650, 500,650, 500,600, 500,1750, 500,600, 500

timerOn,8800,4550, 500,600, 500,650, 500,1700, 500,1700, 500,1750, 500,600, 500,650, 500,650, 450,650, 500,1700, 500,650, 500,600, 500,1700, 550,1700, 500,1700, 500,1750, 500,650, 500,600, 500,650, 500,600, 500,650, 500,600, 500,650, 500,650, 500,600, 500,650, 500,650, 450,650, 500,600, 500,650, 500,600, 500,650, 500,650, 450,650, 500,650, 450,650, 500,650, 500,650, 450,650, 500,600, 500,650, 500,650, 500,600, 500,1700, 500

timerOff,8800,4550, 500,600, 500,650, 500,1700, 500,1700, 500,1750, 500,600, 500,650, 500,650, 500,600, 500,1700, 550,600, 500,650, 500,1700, 500,1700, 500,1700, 550,1700, 500,650, 500,600, 500,650, 500,650, 450,650, 500,650, 450,650, 500,650, 500,650, 450,650, 500,600, 500,650, 500,650, 450,650, 500,600, 500,650, 500,650, 500,650, 450,650, 500,600, 500,650, 500,600, 500,650, 500,650, 500,600, 500,650, 500,650, 450,1700, 500




8850,4500, 500,650, 450,650, 500,1700, 500,650, 500,1700, 500,600, 500,1750, 500,650, 500,600, 500,1700, 550,650, 450,650, 500,1650, 550,600, 500,650, 500,1700, 550,650, 450,650, 500,600, 500,650, 500,600, 500,650, 500,600, 500,650, 500,650, 450,650, 500,650, 450,650, 500,650, 450,650, 500,650, 500,650, 450,650, 500,650, 450,650, 500,650, 450,650, 500,600, 500,650, 500,650, 500,600, 500,1700, 550,1700, 500,650, 450


unsigned int  rawData[91] = {8850,4500, 500,650, 450,650, 500,1700, 500,650, 500,1700, 500,600, 500,1700, 550,650, 500,600, 500,1750, 500,600, 500,650, 500,1700, 500,600, 500,650, 500,1700, 550,600, 500,650, 500,600, 500,650, 500,600, 500,600, 550,650, 450,650, 500,650, 500,650, 450,650, 500,600, 500,650, 500,600, 500,650, 500,600, 500,650, 500,650, 450,650, 500,650, 450,650, 500,650, 450,650, 500,650, 500,650, 450,1700, 550,1700, 500,600, 500};  // AIWA_RC_T501 FFFFFFFC
u



00110 1010 0100 1001 0000 0000 0000 0000 0000 0000 0110






















